0.99   0.0001   0.055322   17.006258
0.99   0.0001   0.043131   17.101165
0.99   0.0001   0.050299   10.645612
0.99   0.0001   0.041080   14.515275
0.99   0.0001   0.051714   17.169084
0.99   0.0001   0.082830   12.808076
0.99   0.0001   0.092413   13.973631
0.99   0.0001   0.145074   23.141835
0.99   0.0001   0.064358   14.289359
0.99   0.0001   0.059772   10.619339
0.99   0.001   0.039550   11.385468
0.99   0.001   0.041355   17.533659
0.99   0.001   0.011291   7.333171
0.99   0.001   0.088447   14.988295
0.99   0.001   0.079422   12.464675
0.99   0.001   0.044714   13.311962
0.99   0.001   0.019306   8.999479
0.99   0.001   0.182902   19.904951
0.99   0.001   0.050847   9.945698
0.99   0.001   0.042765   9.317505
0.99   0.01   0.034639   15.255346
0.99   0.01   0.015244   19.512366
0.99   0.01   0.098254   15.119454
0.99   0.01   0.093223   18.145266
0.99   0.01   0.017212   15.074983
0.99   0.01   0.061588   18.534131
0.99   0.01   0.038051   14.782552
0.99   0.01   0.000783   17.033064
0.99   0.01   0.057245   16.397423
0.99   0.01   0.057902   14.385730
0.99   0.1   0.044347   10.061616
0.99   0.1   0.035235   6.203370
0.99   0.1   0.005431   4.574034
0.99   0.1   0.024899   6.214255
0.99   0.1   0.057743   6.811267
0.99   0.1   0.064704   8.781003
0.99   0.1   0.092779   9.165766
0.99   0.1   0.174334   19.264023
0.99   0.1   0.031247   6.357795
0.99   0.1   0.079980   13.323213
0.99   1   0.035581   6.865976
0.99   1   0.023874   11.286174
0.99   1   0.083954   13.568090
0.99   1   0.136930   17.374659
0.99   1   0.052118   10.418928
0.99   1   0.050667   13.983890
0.99   1   0.117807   16.021036
0.99   1   0.132050   20.698779
0.99   1   0.195428   20.520661
0.99   1   0.002919   6.494901
0.9   0.0001   0.032045   11.006479
0.9   0.0001   0.042969   11.925149
0.9   0.0001   0.090341   9.128321
0.9   0.0001   0.034782   9.275537
0.9   0.0001   0.120691   14.517379
0.9   0.0001   0.099616   14.256700
0.9   0.0001   0.037632   13.078681
0.9   0.0001   0.024138   7.698158
0.9   0.0001   0.080572   12.455629
0.9   0.0001   0.153006   19.754939
0.9   0.001   0.011794   8.603393
0.9   0.001   0.079631   11.608176
0.9   0.001   0.064379   8.767563
0.9   0.001   0.015427   8.444895
0.9   0.001   0.036665   9.048451
0.9   0.001   0.046655   7.868176
0.9   0.001   0.026355   9.292987
0.9   0.001   0.075292   13.780488
0.9   0.001   0.126009   14.732940
0.9   0.001   0.008843   4.895028
0.9   0.01   0.025665   7.189416
0.9   0.01   0.064412   9.795211
0.9   0.01   0.040498   10.261237
0.9   0.01   0.036255   7.148490
0.9   0.01   0.104819   8.780150
0.9   0.01   0.172445   25.108981
0.9   0.01   0.058274   11.012091
0.9   0.01   0.097979   17.557914
0.9   0.01   0.106894   15.481087
0.9   0.01   0.058429   11.368281
0.9   0.1   0.033926   6.279259
0.9   0.1   0.102720   16.451512
0.9   0.1   0.026107   4.136305
0.9   0.1   0.075053   9.565875
0.9   0.1   0.004179   4.447447
0.9   0.1   0.141723   17.292096
0.9   0.1   0.096118   14.752338
0.9   0.1   0.114799   12.057947
0.9   0.1   0.053888   8.626307
0.9   0.1   0.013782   7.884574
0.9   1   0.128181   27.322039
0.9   1   0.107342   18.277688
0.9   1   0.096882   13.350789
0.9   1   0.156219   19.654993
0.9   1   0.210684   26.425826
0.9   1   0.025766   10.745389
0.9   1   0.104479   18.736401
0.9   1   0.184278   24.048035
0.9   1   0.136188   26.728243
0.9   1   0.081356   10.136651
0.8   0.0001   0.066343   6.568766
0.8   0.0001   0.058923   11.834176
0.8   0.0001   0.047870   10.015517
0.8   0.0001   0.069804   11.547412
0.8   0.0001   0.057707   12.904240
0.8   0.0001   0.040380   11.090565
0.8   0.0001   0.016534   7.616484
0.8   0.0001   0.054459   15.624527
0.8   0.0001   0.050124   9.184042
0.8   0.0001   0.007586   6.025479
0.8   0.001   0.162343   19.043929
0.8   0.001   0.023883   8.440959
0.8   0.001   0.031369   9.716611
0.8   0.001   0.088022   17.613396
0.8   0.001   0.033829   9.193006
0.8   0.001   0.046960   11.817682
0.8   0.001   0.059215   8.399800
0.8   0.001   0.093667   13.089814
0.8   0.001   0.012564   7.027571
0.8   0.001   0.022420   8.266791
0.8   0.01   0.030341   11.566537
0.8   0.01   0.074133   8.313145
0.8   0.01   0.066188   11.730545
0.8   0.01   0.186864   18.638111
0.8   0.01   0.015583   5.447546
0.8   0.01   0.081744   9.948742
0.8   0.01   0.056370   11.521486
0.8   0.01   0.079722   13.264406
0.8   0.01   0.060560   8.149664
0.8   0.01   0.037832   8.291798
0.8   0.1   0.036804   9.228422
0.8   0.1   0.043033   8.816280
0.8   0.1   0.040412   8.163550
0.8   0.1   0.173116   16.907967
0.8   0.1   0.148599   18.370456
0.8   0.1   0.026274   4.952236
0.8   0.1   0.059035   9.555637
0.8   0.1   0.041545   10.403559
0.8   0.1   0.024770   5.315753
0.8   0.1   0.025719   7.368317
0.8   1   0.142141   12.587989
0.8   1   0.081396   13.402679
0.8   1   0.353744   33.483315
0.8   1   0.100109   10.368629
0.8   1   0.106647   19.288549
0.8   1   0.027440   14.395637
0.8   1   0.098822   17.020210
0.8   1   0.026350   14.214470
0.8   1   0.176690   19.343973
0.8   1   0.071581   18.308264
0.7   0.0001   0.028435   5.593350
0.7   0.0001   0.040757   4.942526
0.7   0.0001   0.106143   15.944263
0.7   0.0001   0.073798   13.922537
0.7   0.0001   0.030235   7.120931
0.7   0.0001   0.053111   12.143004
0.7   0.0001   0.048928   11.179766
0.7   0.0001   0.037442   12.435637
0.7   0.0001   0.020758   7.415153
0.7   0.0001   0.041015   7.369553
0.7   0.001   0.148126   13.164731
0.7   0.001   0.041174   7.671951
0.7   0.001   0.096984   9.987241
0.7   0.001   0.058382   10.351672
0.7   0.001   0.120925   15.031477
0.7   0.001   0.049631   13.202023
0.7   0.001   0.108897   14.220283
0.7   0.001   0.023025   11.819268
0.7   0.001   0.111482   13.353525
0.7   0.001   0.053606   8.654376
0.7   0.01   0.014923   5.377497
0.7   0.01   0.043199   6.889681
0.7   0.01   0.022920   4.368536
0.7   0.01   0.030352   6.826233
0.7   0.01   0.066846   7.422518
0.7   0.01   0.032801   7.194990
0.7   0.01   0.011064   5.777855
0.7   0.01   0.160564   22.463402
0.7   0.01   0.016723   3.172312
0.7   0.01   0.124594   17.374566
0.7   0.1   0.021274   7.246002
0.7   0.1   0.089557   9.108924
0.7   0.1   0.037683   5.042338
0.7   0.1   0.036654   7.573936
0.7   0.1   0.120545   15.408417
0.7   0.1   0.151324   19.949683
0.7   0.1   0.148430   18.986635
0.7   0.1   0.140202   15.581030
0.7   0.1   0.065995   7.520644
0.7   0.1   0.049337   5.376456
0.7   1   0.141329   31.927462
0.7   1   0.143311   26.438176
0.7   1   0.090185   26.901909
0.7   1   0.735985   45.965881
0.7   1   0.249776   28.685513
0.7   1   0.096635   25.044613
0.7   1   0.254700   38.015529
0.7   1   0.088171   26.591317
0.7   1   0.141914   31.080373
0.7   1   0.105641   23.976183
0.6   0.0001   0.034343   4.172229
0.6   0.0001   0.074793   8.556048
0.6   0.0001   0.086870   10.889684
0.6   0.0001   0.109142   11.227463
0.6   0.0001   0.012945   7.199485
0.6   0.0001   0.043783   8.876316
0.6   0.0001   0.027055   9.356584
0.6   0.0001   0.176177   15.785714
0.6   0.0001   0.046387   7.339099
0.6   0.0001   0.034756   7.608075
0.6   0.001   0.081063   7.909110
0.6   0.001   0.114189   7.122952
0.6   0.001   0.052532   8.950368
0.6   0.001   0.042919   6.794179
0.6   0.001   0.050813   11.687937
0.6   0.001   0.038932   9.131762
0.6   0.001   0.039598   5.836067
0.6   0.001   0.076107   9.026807
0.6   0.001   0.049158   7.258482
0.6   0.001   0.105713   11.530869
0.6   0.01   0.039415   4.415073
0.6   0.01   0.101873   9.465068
0.6   0.01   0.102327   13.958989
0.6   0.01   0.059690   6.666975
0.6   0.01   0.030942   6.115014
0.6   0.01   0.011882   3.586660
0.6   0.01   0.076450   6.344726
0.6   0.01   0.045845   11.075212
0.6   0.01   0.009775   7.169464
0.6   0.01   0.069898   7.484871
0.6   0.1   0.016754   5.447622
0.6   0.1   0.025794   6.989314
0.6   0.1   0.042091   6.450634
0.6   0.1   0.076927   6.762826
0.6   0.1   0.015837   7.530564
0.6   0.1   0.111889   10.508866
0.6   0.1   0.031855   5.950495
0.6   0.1   0.015105   6.448120
0.6   0.1   0.099658   9.339974
0.6   0.1   0.073407   7.577780
0.6   1   0.760376   48.254584
0.6   1   0.386585   49.380299
0.6   1   0.550976   47.377951
0.6   1   0.860707   46.736158
0.6   1   0.880365   48.987760
0.6   1   1.415793   49.511061
0.6   1   1.172424   49.543751
0.6   1   0.427968   46.770359
0.6   1   0.235915   46.366846
0.6   1   0.330592   46.956205
0.5   0.0001   0.118168   13.592819
0.5   0.0001   0.024413   9.531471
0.5   0.0001   0.013837   3.027609
0.5   0.0001   0.025928   8.123192
0.5   0.0001   0.092567   13.665804
0.5   0.0001   0.039920   10.274094
0.5   0.0001   0.055723   8.327881
0.5   0.0001   0.003775   3.811281
0.5   0.0001   0.124386   14.896408
0.5   0.0001   0.022885   6.388967
0.5   0.001   0.021139   5.230562
0.5   0.001   0.037215   5.482524
0.5   0.001   0.089728   11.016692
0.5   0.001   0.025449   5.326764
0.5   0.001   0.066807   9.047988
0.5   0.001   0.041027   6.949355
0.5   0.001   0.031561   7.784440
0.5   0.001   0.040275   6.629669
0.5   0.001   0.067318   11.949102
0.5   0.001   0.053547   10.820255
0.5   0.01   0.014096   6.067914
0.5   0.01   0.021738   6.769689
0.5   0.01   0.061354   9.052611
0.5   0.01   0.024381   4.883754
0.5   0.01   0.091006   17.794958
0.5   0.01   0.034833   5.150728
0.5   0.01   0.101510   14.741119
0.5   0.01   0.055788   12.779869
0.5   0.01   0.044556   7.031354
0.5   0.01   0.029203   6.749710
0.5   0.1   0.091361   7.487510
0.5   0.1   0.060080   8.460849
0.5   0.1   0.030034   12.714868
0.5   0.1   0.037123   5.983734
0.5   0.1   0.070645   9.900306
0.5   0.1   0.033497   9.590681
0.5   0.1   0.122476   14.081733
0.5   0.1   0.047113   7.454957
0.5   0.1   0.010350   5.704501
0.5   0.1   0.155453   13.521944
0.5   1   1.055528   50.000000
0.5   1   1.356422   50.000000
0.5   1   0.800864   50.000000
0.5   1   1.954352   50.000000
0.5   1   1.096946   50.000000
0.5   1   0.555832   50.000000
0.5   1   2.379812   50.000000
0.5   1   0.929285   50.000000
0.5   1   0.470785   50.000000
0.5   1   1.368166   50.000000
0.4   0.0001   0.075365   12.077095
0.4   0.0001   0.077721   10.113034
0.4   0.0001   0.057757   8.139929
0.4   0.0001   0.053280   10.938676
0.4   0.0001   0.005298   5.132109
0.4   0.0001   0.060088   8.283614
0.4   0.0001   0.038790   7.525973
0.4   0.0001   0.063995   11.142390
0.4   0.0001   0.050195   6.403919
0.4   0.0001   0.032200   7.932090
0.4   0.001   0.097512   10.365767
0.4   0.001   0.036344   5.791266
0.4   0.001   0.086130   9.976772
0.4   0.001   0.016382   4.943904
0.4   0.001   0.076243   7.460701
0.4   0.001   0.155190   14.675854
0.4   0.001   0.057891   6.253884
0.4   0.001   0.031830   3.454108
0.4   0.001   0.067321   4.632628
0.4   0.001   0.129090   14.619774
0.4   0.01   0.031994   9.362784
0.4   0.01   0.038878   7.211394
0.4   0.01   0.034375   4.205312
0.4   0.01   0.024487   5.692279
0.4   0.01   0.070027   7.740238
0.4   0.01   0.043346   3.965980
0.4   0.01   0.109290   14.677420
0.4   0.01   0.052444   5.756361
0.4   0.01   0.126378   20.003538
0.4   0.01   0.014728   4.690164
0.4   0.1   0.028200   8.485072
0.4   0.1   0.033350   10.762198
0.4   0.1   0.035081   10.038982
0.4   0.1   0.074268   12.331339
0.4   0.1   0.031421   9.208346
0.4   0.1   0.113135   15.988997
0.4   0.1   0.052732   10.186418
0.4   0.1   0.108308   11.958590
0.4   0.1   0.023132   7.742392
0.4   0.1   0.030673   9.798523
0.4   1   1.074105   50.000000
0.4   1   0.325577   50.000000
0.4   1   2.095013   50.000000
0.4   1   1.521786   50.000000
0.4   1   1.365692   50.000000
0.4   1   1.309649   50.000000
0.4   1   1.127090   50.000000
0.4   1   0.615579   50.000000
0.4   1   1.036398   50.000000
0.4   1   1.734743   50.000000
0.3   0.0001   0.098685   10.651417
0.3   0.0001   0.035553   4.829596
0.3   0.0001   0.108665   11.909209
0.3   0.0001   0.054311   5.788903
0.3   0.0001   0.060386   6.703970
0.3   0.0001   0.042329   9.998619
0.3   0.0001   0.087881   11.879870
0.3   0.0001   0.127390   15.737326
0.3   0.0001   0.059455   8.145920
0.3   0.0001   0.039171   8.389493
0.3   0.001   0.119964   14.874183
0.3   0.001   0.100365   10.972523
0.3   0.001   0.081386   9.326603
0.3   0.001   0.144288   13.470146
0.3   0.001   0.112269   12.748912
0.3   0.001   0.122573   14.663612
0.3   0.001   0.084720   11.802441
0.3   0.001   0.018292   6.537933
0.3   0.001   0.076949   9.177405
0.3   0.001   0.046134   12.224886
0.3   0.01   0.074771   12.334872
0.3   0.01   0.077295   15.645874
0.3   0.01   0.100920   18.875436
0.3   0.01   0.055715   9.136531
0.3   0.01   0.013944   7.996611
0.3   0.01   0.066867   12.314830
0.3   0.01   0.054339   9.286552
0.3   0.01   0.026991   5.336755
0.3   0.01   0.008083   5.734471
0.3   0.01   0.084611   14.413686
0.3   0.1   0.030936   25.988222
0.3   0.1   0.335109   35.479101
0.3   0.1   0.124018   30.536183
0.3   0.1   0.002885   25.330500
0.3   0.1   0.021760   23.197178
0.3   0.1   0.078903   28.940946
0.3   0.1   0.063629   24.028822
0.3   0.1   0.114541   26.188902
0.3   0.1   0.316087   37.105485
0.3   0.1   0.146954   29.862502
0.3   1   0.441537   50.000000
0.3   1   1.308580   50.000000
0.3   1   0.394514   50.000000
0.3   1   1.487283   50.000000
0.3   1   0.697194   50.000000
0.3   1   1.082989   50.000000
0.3   1   1.409448   50.000000
0.3   1   1.056602   50.000000
0.3   1   1.143148   50.000000
0.3   1   1.464057   50.000000
0.2   0.0001   0.025455   3.817226
0.2   0.0001   0.028620   5.943780
0.2   0.0001   0.082511   11.897274
0.2   0.0001   0.052039   8.988124
0.2   0.0001   0.052907   6.031990
0.2   0.0001   0.049555   12.284598
0.2   0.0001   0.040821   7.120006
0.2   0.0001   0.069634   8.937062
0.2   0.0001   0.053463   11.089746
0.2   0.0001   0.092685   11.607199
0.2   0.001   0.146541   18.132076
0.2   0.001   0.115995   14.400012
0.2   0.001   0.012991   4.500402
0.2   0.001   0.166576   20.299157
0.2   0.001   0.024163   4.297356
0.2   0.001   0.038119   7.867514
0.2   0.001   0.070612   12.182294
0.2   0.001   0.099359   17.675939
0.2   0.001   0.012590   4.724992
0.2   0.001   0.123975   14.077472
0.2   0.01   0.031621   9.157874
0.2   0.01   0.026380   8.146449
0.2   0.01   0.112393   14.821163
0.2   0.01   0.035645   10.304348
0.2   0.01   0.077689   12.392774
0.2   0.01   0.056540   8.552714
0.2   0.01   0.011725   8.869603
0.2   0.01   0.035514   11.206895
0.2   0.01   0.026803   5.904780
0.2   0.01   0.062842   8.747286
0.2   0.1   0.125785   50.000000
0.2   0.1   0.462586   50.000000
0.2   0.1   0.231394   50.000000
0.2   0.1   0.692690   50.000000
0.2   0.1   0.495605   50.000000
0.2   0.1   0.635785   50.000000
0.2   0.1   0.292090   50.000000
0.2   0.1   0.240833   49.831571
0.2   0.1   0.152134   50.000000
0.2   0.1   0.085900   50.000000
0.2   1   3.275716   50.000000
0.2   1   2.414362   50.000000
0.2   1   1.327783   50.000000
0.2   1   1.858045   50.000000
0.2   1   0.841360   50.000000
0.2   1   2.478646   50.000000
0.2   1   2.674662   50.000000
0.2   1   2.554847   50.000000
0.2   1   0.717010   50.000000
0.2   1   1.796463   50.000000
0.1   0.0001   0.072708   7.993973
0.1   0.0001   0.144243   18.130521
0.1   0.0001   0.159939   21.712483
0.1   0.0001   0.042881   4.591746
0.1   0.0001   0.122071   15.402063
0.1   0.0001   0.124125   13.440990
0.1   0.0001   0.091803   8.345204
0.1   0.0001   0.026171   8.680307
0.1   0.0001   0.110330   10.157220
0.1   0.0001   0.073483   13.533094
0.1   0.001   0.078953   10.775067
0.1   0.001   0.056456   12.331095
0.1   0.001   0.106472   21.879708
0.1   0.001   0.086982   14.628344
0.1   0.001   0.199704   26.464259
0.1   0.001   0.063853   13.576799
0.1   0.001   0.059115   11.912752
0.1   0.001   0.081582   17.239535
0.1   0.001   0.110077   15.796156
0.1   0.001   0.152880   19.061105
0.1   0.01   0.089365   10.157124
0.1   0.01   0.025171   14.732578
0.1   0.01   0.070303   21.036600
0.1   0.01   0.017016   13.862423
0.1   0.01   0.068288   10.406612
0.1   0.01   0.189344   20.425161
0.1   0.01   0.038054   11.058902
0.1   0.01   0.041254   12.973900
0.1   0.01   0.015952   12.754679
0.1   0.01   0.111632   9.555050
0.1   0.1   0.823688   50.000000
0.1   0.1   1.427321   50.000000
0.1   0.1   0.707695   50.000000
0.1   0.1   0.972098   50.000000
0.1   0.1   0.235359   50.000000
0.1   0.1   0.472573   50.000000
0.1   0.1   0.794832   50.000000
0.1   0.1   0.259289   50.000000
0.1   0.1   0.265660   50.000000
0.1   0.1   0.152554   50.000000
0.1   1   0.912433   50.000000
0.1   1   0.791168   50.000000
0.1   1   2.489265   50.000000
0.1   1   1.536015   50.000000
0.1   1   0.762467   50.000000
0.1   1   1.782234   50.000000
0.1   1   0.596913   50.000000
0.1   1   1.367140   50.000000
0.1   1   3.981749   50.000000
0.1   1   1.469790   50.000000
0.99   0.28   0.049489   7.463691
0.99   0.28   0.016955   6.244522
0.99   0.28   0.081888   13.250987
0.99   0.28   0.128229   17.912624
0.99   0.28   0.014529   4.744720
0.99   0.28   0.074516   12.752992
0.99   0.28   0.064075   9.952488
0.99   0.28   0.026504   4.443710
0.99   0.28   0.007109   3.795439
0.99   0.28   0.129478   14.105166
0.99   0.46   0.076666   7.575504
0.99   0.46   0.044360   7.364472
0.99   0.46   0.136400   18.957690
0.99   0.46   0.193313   20.384994
0.99   0.46   0.059405   13.017600
0.99   0.46   0.038594   9.993041
0.99   0.46   0.128335   18.145532
0.99   0.46   0.078526   9.624924
0.99   0.46   0.091562   13.797684
0.99   0.46   0.036515   7.763507
0.99   0.64   0.030798   8.969670
0.99   0.64   0.037784   6.132332
0.99   0.64   0.078610   10.362051
0.99   0.64   0.106952   14.858583
0.99   0.64   0.027672   5.293310
0.99   0.64   0.059410   9.369165
0.99   0.64   0.077676   11.024771
0.99   0.64   0.054105   14.267954
0.99   0.64   0.052520   7.478505
0.99   0.64   0.059248   9.103844
0.99   0.82   0.043699   7.246981
0.99   0.82   0.026136   7.705108
0.99   0.82   0.048841   12.777809
0.99   0.82   0.161921   20.945104
0.99   0.82   0.033380   7.085903
0.99   0.82   0.091003   10.808306
0.99   0.82   0.054844   8.845370
0.99   0.82   0.015790   10.028218
0.99   0.82   0.025292   11.805540
0.99   0.82   0.062907   13.688477
0.9   0.28   0.109859   14.726868
0.9   0.28   0.046092   4.924932
0.9   0.28   0.074155   9.264363
0.9   0.28   0.073164   7.417943
0.9   0.28   0.121579   10.589438
0.9   0.28   0.079630   5.991900
0.9   0.28   0.080085   11.320695
0.9   0.28   0.032805   7.686853
0.9   0.28   0.144883   18.058762
0.9   0.28   0.045344   6.184098
0.9   0.46   0.011418   7.789014
0.9   0.46   0.103847   13.115566
0.9   0.46   0.030236   6.033175
0.9   0.46   0.056248   12.156640
0.9   0.46   0.018328   5.005239
0.9   0.46   0.058529   12.562389
0.9   0.46   0.053816   16.497610
0.9   0.46   0.028345   11.086617
0.9   0.46   0.025480   9.953873
0.9   0.46   0.108905   14.115036
0.9   0.64   0.084538   14.865326
0.9   0.64   0.042154   9.194597
0.9   0.64   0.119604   12.270559
0.9   0.64   0.042687   8.286594
0.9   0.64   0.089773   9.981097
0.9   0.64   0.098290   15.694059
0.9   0.64   0.089722   12.452377
0.9   0.64   0.107513   15.462124
0.9   0.64   0.078817   12.675380
0.9   0.64   0.076165   12.628552
0.9   0.82   0.033941   11.275451
0.9   0.82   0.125029   21.563804
0.9   0.82   0.180111   17.804048
0.9   0.82   0.232170   21.532426
0.9   0.82   0.028288   12.674443
0.9   0.82   0.225479   21.737070
0.9   0.82   0.112022   10.832434
0.9   0.82   0.145972   25.092432
0.9   0.82   0.079612   10.451164
0.9   0.82   0.173391   20.039997
0.8   0.28   0.059494   8.839789
0.8   0.28   0.019729   10.851450
0.8   0.28   0.032611   5.490116
0.8   0.28   0.139743   12.527098
0.8   0.28   0.128724   11.256267
0.8   0.28   0.113171   7.788460
0.8   0.28   0.070178   10.908076
0.8   0.28   0.167282   15.020743
0.8   0.28   0.035461   9.416709
0.8   0.28   0.043705   7.903100
0.8   0.46   0.046904   7.245791
0.8   0.46   0.181296   16.136876
0.8   0.46   0.039841   6.495855
0.8   0.46   0.051261   8.026305
0.8   0.46   0.129819   14.164233
0.8   0.46   0.092330   14.826719
0.8   0.46   0.036249   14.797596
0.8   0.46   0.179729   22.842466
0.8   0.46   0.025608   8.120743
0.8   0.46   0.081574   11.870307
0.8   0.64   0.091790   14.081383
0.8   0.64   0.057593   15.289283
0.8   0.64   0.104602   20.076325
0.8   0.64   0.014771   7.826956
0.8   0.64   0.018935   12.874795
0.8   0.64   0.043541   10.331611
0.8   0.64   0.080761   15.870961
0.8   0.64   0.071909   9.662434
0.8   0.64   0.067634   12.058610
0.8   0.64   0.115799   18.505210
0.8   0.82   0.164334   19.640429
0.8   0.82   0.058503   13.704452
0.8   0.82   0.286346   26.877406
0.8   0.82   0.263858   21.127046
0.8   0.82   0.113622   17.574859
0.8   0.82   0.220415   22.959316
0.8   0.82   0.078261   12.736853
0.8   0.82   0.033679   9.669538
0.8   0.82   0.049732   12.075354
0.8   0.82   0.106198   13.836353
0.7   0.28   0.140903   18.906697
0.7   0.28   0.013773   6.737841
0.7   0.28   0.029525   7.355374
0.7   0.28   0.115359   19.926898
0.7   0.28   0.142774   17.936127
0.7   0.28   0.031772   5.802859
0.7   0.28   0.043797   6.341900
0.7   0.28   0.071225   12.403447
0.7   0.28   0.050721   8.095204
0.7   0.28   0.048767   12.527454
0.7   0.46   0.015935   7.183387
0.7   0.46   0.150421   21.221175
0.7   0.46   0.025671   10.217361
0.7   0.46   0.133333   25.823270
0.7   0.46   0.059810   7.760759
0.7   0.46   0.043011   9.711982
0.7   0.46   0.160241   17.900439
0.7   0.46   0.065325   13.888554
0.7   0.46   0.074702   6.797975
0.7   0.46   0.040346   7.518064
0.7   0.64   0.103521   13.442965
0.7   0.64   0.333437   25.195346
0.7   0.64   0.084591   16.749830
0.7   0.64   0.180910   14.747861
0.7   0.64   0.096400   10.342450
0.7   0.64   0.221606   23.702124
0.7   0.64   0.144913   23.638477
0.7   0.64   0.071908   14.766650
0.7   0.64   0.078315   19.375131
0.7   0.64   0.231290   20.840506
0.7   0.82   0.160429   27.920618
0.7   0.82   0.242203   26.561155
0.7   0.82   0.143458   31.452416
0.7   0.82   0.420316   44.129585
0.7   0.82   0.206107   27.050788
0.7   0.82   0.334670   38.621417
0.7   0.82   0.085635   16.002508
0.7   0.82   0.232759   20.058083
0.7   0.82   0.209263   33.561932
0.7   0.82   0.060572   18.493135
0.6   0.28   0.005724   7.199000
0.6   0.28   0.076783   9.074176
0.6   0.28   0.161092   22.473466
0.6   0.28   0.069200   13.293073
0.6   0.28   0.071879   17.073145
0.6   0.28   0.142555   15.755861
0.6   0.28   0.051492   9.662061
0.6   0.28   0.045860   8.289510
0.6   0.28   0.054604   12.622335
0.6   0.28   0.081881   11.824186
0.6   0.46   0.078046   21.626065
0.6   0.46   0.114455   13.438927
0.6   0.46   0.097051   10.528936
0.6   0.46   0.150671   17.352363
0.6   0.46   0.257053   28.594442
0.6   0.46   0.228789   22.705065
0.6   0.46   0.108022   16.655679
0.6   0.46   0.135593   14.316638
0.6   0.46   0.074114   18.483103
0.6   0.46   0.147659   24.483874
0.6   0.64   0.066198   32.372557
0.6   0.64   0.430474   39.330033
0.6   0.64   0.199437   26.065310
0.6   0.64   0.197246   26.917437
0.6   0.64   0.173767   32.532626
0.6   0.64   0.236426   26.317707
0.6   0.64   0.174878   29.917469
0.6   0.64   0.065272   22.464223
0.6   0.64   0.042805   25.139731
0.6   0.64   0.154573   23.666669
0.6   0.82   0.330770   42.226505
0.6   0.82   1.222816   46.921251
0.6   0.82   0.140089   46.771390
0.6   0.82   0.371861   42.549069
0.6   0.82   0.429585   41.107995
0.6   0.82   0.712095   47.521940
0.6   0.82   0.161743   34.587324
0.6   0.82   0.672818   46.099310
0.6   0.82   0.575426   47.569012
0.6   0.82   0.366333   39.645485
0.5   0.28   0.125844   15.007007
0.5   0.28   0.042391   14.501984
0.5   0.28   0.040256   18.869012
0.5   0.28   0.104916   23.247481
0.5   0.28   0.027279   20.552723
0.5   0.28   0.070353   17.058176
0.5   0.28   0.121184   22.195667
0.5   0.28   0.047880   13.940637
0.5   0.28   0.176013   22.436141
0.5   0.28   0.089791   24.945019
0.5   0.46   0.377561   47.648770
0.5   0.46   0.401669   42.327097
0.5   0.46   0.012618   38.844582
0.5   0.46   0.106525   42.610765
0.5   0.46   0.197477   41.122556
0.5   0.46   0.545230   47.059490
0.5   0.46   0.193499   38.754039
0.5   0.46   0.237064   42.098458
0.5   0.46   0.198321   40.858724
0.5   0.46   0.811207   46.805263
0.5   0.64   0.524705   49.725199
0.5   0.64   0.388972   46.679503
0.5   0.64   0.758322   50.000000
0.5   0.64   0.519539   48.953638
0.5   0.64   0.704686   47.387680
0.5   0.64   0.171442   47.952456
0.5   0.64   0.974297   49.373634
0.5   0.64   0.355991   49.654272
0.5   0.64   1.267393   47.677998
0.5   0.64   1.284900   48.410131
0.5   0.82   1.309551   49.321069
0.5   0.82   1.379844   48.863460
0.5   0.82   0.860566   49.253570
0.5   0.82   0.960285   49.467875
0.5   0.82   1.125930   48.763679
0.5   0.82   0.475829   50.000000
0.5   0.82   0.636416   48.024447
0.5   0.82   1.447950   49.966385
0.5   0.82   1.272550   50.000000
0.5   0.82   0.978109   50.000000
0.4   0.28   1.187589   47.380606
0.4   0.28   0.263316   48.089029
0.4   0.28   0.192136   44.885936
0.4   0.28   0.506794   45.686591
0.4   0.28   0.285339   44.649077
0.4   0.28   1.202666   47.623806
0.4   0.28   0.554248   48.612255
0.4   0.28   0.812622   48.236467
0.4   0.28   0.283743   45.127971
0.4   0.28   0.796285   48.423766
0.4   0.46   0.583114   50.000000
0.4   0.46   0.667349   49.950347
0.4   0.46   0.876567   50.000000
0.4   0.46   0.119744   49.435654
0.4   0.46   0.778061   50.000000
0.4   0.46   0.556171   49.678886
0.4   0.46   0.411415   50.000000
0.4   0.46   0.738862   50.000000
0.4   0.46   0.817679   50.000000
0.4   0.46   0.681500   50.000000
0.4   0.64   0.913758   50.000000
0.4   0.64   1.083423   50.000000
0.4   0.64   0.817150   50.000000
0.4   0.64   0.727830   50.000000
0.4   0.64   0.519149   50.000000
0.4   0.64   0.625050   50.000000
0.4   0.64   0.235408   50.000000
0.4   0.64   1.330759   50.000000
0.4   0.64   0.637277   50.000000
0.4   0.64   1.249627   50.000000
0.4   0.82   1.001396   49.612473
0.4   0.82   0.274705   50.000000
0.4   0.82   0.311452   50.000000
0.4   0.82   0.888970   50.000000
0.4   0.82   0.312663   50.000000
0.4   0.82   0.918646   50.000000
0.4   0.82   1.107952   50.000000
0.4   0.82   0.247076   50.000000
0.4   0.82   0.860577   50.000000
0.4   0.82   1.573992   50.000000
0.3   0.28   1.568644   50.000000
0.3   0.28   1.035450   50.000000
0.3   0.28   0.217090   50.000000
0.3   0.28   0.556679   50.000000
0.3   0.28   1.370505   50.000000
0.3   0.28   1.206483   50.000000
0.3   0.28   0.236811   50.000000
0.3   0.28   0.722202   50.000000
0.3   0.28   0.919777   50.000000
0.3   0.28   0.768948   50.000000
0.3   0.46   0.735500   50.000000
0.3   0.46   0.213288   50.000000
0.3   0.46   1.736165   50.000000
0.3   0.46   0.960162   50.000000
0.3   0.46   0.108370   50.000000
0.3   0.46   0.322007   50.000000
0.3   0.46   1.226368   50.000000
0.3   0.46   1.138627   50.000000
0.3   0.46   0.917647   50.000000
0.3   0.46   1.004781   50.000000
0.3   0.64   0.647111   50.000000
0.3   0.64   1.203029   50.000000
0.3   0.64   2.005092   50.000000
0.3   0.64   1.082327   50.000000
0.3   0.64   1.191429   50.000000
0.3   0.64   0.885974   50.000000
0.3   0.64   0.586286   50.000000
0.3   0.64   0.846624   50.000000
0.3   0.64   0.566056   50.000000
0.3   0.64   1.591770   50.000000
0.3   0.82   1.493443   50.000000
0.3   0.82   0.532858   50.000000
0.3   0.82   0.522567   50.000000
0.3   0.82   3.018516   50.000000
0.3   0.82   0.515033   50.000000
0.3   0.82   0.830739   50.000000
0.3   0.82   0.634763   50.000000
0.3   0.82   0.727798   50.000000
0.3   0.82   0.105154   50.000000
0.3   0.82   0.523493   50.000000
0.2   0.28   0.980702   50.000000
0.2   0.28   0.100025   50.000000
0.2   0.28   2.550170   50.000000
0.2   0.28   1.864887   50.000000
0.2   0.28   0.896489   50.000000
0.2   0.28   0.732837   50.000000
0.2   0.28   0.784977   50.000000
0.2   0.28   0.296100   50.000000
0.2   0.28   1.091885   50.000000
0.2   0.28   1.121215   50.000000
0.2   0.46   1.502233   50.000000
0.2   0.46   1.729335   50.000000
0.2   0.46   1.299952   50.000000
0.2   0.46   0.885970   50.000000
0.2   0.46   3.856343   50.000000
0.2   0.46   2.098686   50.000000
0.2   0.46   1.026908   50.000000
0.2   0.46   3.613688   50.000000
0.2   0.46   0.922450   50.000000
0.2   0.46   0.338835   50.000000
0.2   0.64   0.617017   50.000000
0.2   0.64   1.309112   50.000000
0.2   0.64   1.408486   50.000000
0.2   0.64   1.887162   50.000000
0.2   0.64   0.733892   50.000000
0.2   0.64   0.403087   50.000000
0.2   0.64   1.074065   50.000000
0.2   0.64   0.712974   50.000000
0.2   0.64   1.147376   50.000000
0.2   0.64   2.590680   50.000000
0.2   0.82   2.404051   50.000000
0.2   0.82   0.980943   50.000000
0.2   0.82   2.185805   50.000000
0.2   0.82   2.272856   50.000000
0.2   0.82   1.082163   50.000000
0.2   0.82   1.094973   50.000000
0.2   0.82   0.155166   50.000000
0.2   0.82   0.409339   50.000000
0.2   0.82   2.429442   50.000000
0.2   0.82   1.218750   50.000000
0.1   0.28   1.789555   50.000000
0.1   0.28   1.642095   50.000000
0.1   0.28   0.973020   50.000000
0.1   0.28   1.781957   50.000000
0.1   0.28   1.161096   50.000000
0.1   0.28   0.279738   50.000000
0.1   0.28   0.571478   50.000000
0.1   0.28   2.334781   50.000000
0.1   0.28   1.162640   50.000000
0.1   0.28   1.190974   50.000000
0.1   0.46   3.870452   50.000000
0.1   0.46   0.660927   50.000000
0.1   0.46   0.437242   50.000000
0.1   0.46   2.192060   50.000000
0.1   0.46   1.704417   50.000000
0.1   0.46   0.864250   50.000000
0.1   0.46   3.042398   50.000000
0.1   0.46   0.669229   50.000000
0.1   0.46   0.399928   50.000000
0.1   0.46   1.790652   50.000000
0.1   0.64   1.480222   50.000000
0.1   0.64   2.078103   50.000000
0.1   0.64   0.292011   50.000000
0.1   0.64   0.751621   50.000000
0.1   0.64   1.446189   50.000000
0.1   0.64   1.449051   50.000000
0.1   0.64   2.382403   50.000000
0.1   0.64   0.445551   50.000000
0.1   0.64   0.972300   50.000000
0.1   0.64   3.100137   50.000000
0.1   0.82   3.476932   50.000000
0.1   0.82   1.985957   50.000000
0.1   0.82   2.160848   50.000000
0.1   0.82   2.584202   50.000000
0.1   0.82   0.676452   50.000000
0.1   0.82   1.631112   50.000000
0.1   0.82   2.490593   50.000000
0.1   0.82   1.276325   50.000000
0.1   0.82   2.429694   50.000000
0.1   0.82   3.319491   50.000000
